  0.0000000e+000  3.0000000e+000  3.0000000e+000  1.2460000e+001  1.2730000e+001
  4.5000000e+000  3.0000000e+000  3.0000000e+000  1.2460000e+001  1.2730000e+001
  1.4500000e+001  3.0000000e+000  3.0000000e+000  1.2450000e+001  1.2760000e+001
  2.4500000e+001  3.2400000e+000  2.7600000e+000  1.2520000e+001  1.2690000e+001
  3.4500000e+001  3.3000000e+000  2.7000000e+000  1.2670000e+001  1.2540000e+001
  4.4500000e+001  3.3000000e+000  2.7000000e+000  1.2790000e+001  1.2370000e+001
  5.4500000e+001  3.3000000e+000  2.7000000e+000  1.2840000e+001  1.2260000e+001
  6.4500000e+001  3.3000000e+000  2.7000000e+000  1.2900000e+001  1.2190000e+001
  7.4500000e+001  3.3000000e+000  2.7000000e+000  1.2930000e+001  1.2100000e+001
  8.4500000e+001  3.3000000e+000  3.1800000e+000  1.3000000e+001  1.2060000e+001
  9.4500000e+001  3.3000000e+000  3.3000000e+000  1.3040000e+001  1.2390000e+001
  1.0450000e+002  3.3000000e+000  3.3000000e+000  1.3160000e+001  1.2690000e+001
  1.1450000e+002  3.3000000e+000  3.3000000e+000  1.3260000e+001  1.2970000e+001
  1.2450000e+002  3.3000000e+000  3.3000000e+000  1.3380000e+001  1.3190000e+001
  1.3450000e+002  3.3000000e+000  3.3000000e+000  1.3550000e+001  1.3390000e+001
  1.4450000e+002  2.8200000e+000  2.8200000e+000  1.3640000e+001  1.3680000e+001
  1.5450000e+002  2.7000000e+000  2.7000000e+000  1.3500000e+001  1.3550000e+001
  1.6450000e+002  2.7000000e+000  2.7000000e+000  1.3230000e+001  1.3280000e+001
  1.7450000e+002  2.7000000e+000  2.7000000e+000  1.2880000e+001  1.3000000e+001
  1.8450000e+002  2.7000000e+000  2.7000000e+000  1.2530000e+001  1.2740000e+001
  1.9450000e+002  2.7000000e+000  2.7000000e+000  1.2210000e+001  1.2430000e+001
  2.0450000e+002  3.1800000e+000  3.1800000e+000  1.2020000e+001  1.2250000e+001
  2.1450000e+002  3.3000000e+000  3.3000000e+000  1.2170000e+001  1.2410000e+001
  2.2450000e+002  3.3000000e+000  3.3000000e+000  1.2430000e+001  1.2660000e+001
  2.3450000e+002  3.3000000e+000  3.3000000e+000  1.2710000e+001  1.2860000e+001
  2.4450000e+002  3.3000000e+000  3.3000000e+000  1.2950000e+001  1.3130000e+001
  2.5450000e+002  3.3000000e+000  3.3000000e+000  1.3180000e+001  1.3250000e+001
  2.6450000e+002  3.3000000e+000  2.8200000e+000  1.3340000e+001  1.3350000e+001
  2.7450000e+002  3.3000000e+000  2.7000000e+000  1.3480000e+001  1.3330000e+001
  2.8450000e+002  3.3000000e+000  2.7000000e+000  1.3560000e+001  1.3180000e+001
  2.9450000e+002  3.3000000e+000  2.7000000e+000  1.3560000e+001  1.3010000e+001
  3.0450000e+002  3.3000000e+000  2.7000000e+000  1.3580000e+001  1.2870000e+001
  3.1450000e+002  3.3000000e+000  2.7000000e+000  1.3620000e+001  1.2750000e+001
  3.2450000e+002  2.8200000e+000  3.1800000e+000  1.3510000e+001  1.2670000e+001
  3.3450000e+002  2.7000000e+000  3.3000000e+000  1.3200000e+001  1.2850000e+001
  3.4450000e+002  2.7000000e+000  3.3000000e+000  1.2940000e+001  1.3060000e+001
  3.5450000e+002  2.7000000e+000  3.3000000e+000  1.2680000e+001  1.3170000e+001
  3.6450000e+002  2.7000000e+000  3.3000000e+000  1.2520000e+001  1.3240000e+001
  3.7450000e+002  2.7000000e+000  3.3000000e+000  1.2390000e+001  1.3270000e+001
  3.8450000e+002  3.1800000e+000  3.3000000e+000  1.2370000e+001  1.3370000e+001
  3.9450000e+002  3.3000000e+000  3.3000000e+000  1.2700000e+001  1.3430000e+001
  4.0450000e+002  3.3000000e+000  3.3000000e+000  1.2990000e+001  1.3660000e+001
  4.1450000e+002  3.3000000e+000  3.3000000e+000  1.3240000e+001  1.3800000e+001
  4.2450000e+002  3.3000000e+000  3.3000000e+000  1.3470000e+001  1.3900000e+001
  4.3450000e+002  3.3000000e+000  3.3000000e+000  1.3610000e+001  1.4020000e+001
  4.4450000e+002  3.3000000e+000  3.3000000e+000  1.3810000e+001  1.4120000e+001
  4.5450000e+002  3.3000000e+000  3.3000000e+000  1.3950000e+001  1.4230000e+001
  4.6450000e+002  3.3000000e+000  3.3000000e+000  1.4080000e+001  1.4330000e+001
  4.7450000e+002  3.3000000e+000  3.3000000e+000  1.4170000e+001  1.4440000e+001
  4.8450000e+002  3.3000000e+000  3.3000000e+000  1.4300000e+001  1.4550000e+001
  4.9450000e+002  3.3000000e+000  3.3000000e+000  1.4450000e+001  1.4650000e+001
  5.0450000e+002  2.8200000e+000  2.8200000e+000  1.4540000e+001  1.4730000e+001
  5.1450000e+002  2.7000000e+000  2.7000000e+000  1.4490000e+001  1.4660000e+001
  5.2450000e+002  2.7000000e+000  2.7000000e+000  1.4350000e+001  1.4270000e+001
  5.3450000e+002  2.7000000e+000  2.7000000e+000  1.3910000e+001  1.3840000e+001
  5.4450000e+002  2.7000000e+000  2.7000000e+000  1.3420000e+001  1.3470000e+001
  5.5450000e+002  2.7000000e+000  2.7000000e+000  1.3040000e+001  1.3130000e+001
  5.6450000e+002  3.1800000e+000  2.7000000e+000  1.2740000e+001  1.2880000e+001
  5.7450000e+002  3.3000000e+000  2.7000000e+000  1.2850000e+001  1.2600000e+001
  5.8450000e+002  3.3000000e+000  2.7000000e+000  1.2870000e+001  1.2370000e+001
  5.9450000e+002  3.3000000e+000  2.7000000e+000  1.2920000e+001  1.2250000e+001
  6.0450000e+002  3.3000000e+000  2.7000000e+000  1.2950000e+001  1.2150000e+001
  6.1450000e+002  3.3000000e+000  2.7000000e+000  1.3000000e+001  1.2070000e+001
  6.2450000e+002  3.3000000e+000  2.7000000e+000  1.3020000e+001  1.1990000e+001
  6.3450000e+002  3.3000000e+000  2.7000000e+000  1.3040000e+001  1.1950000e+001
  6.4450000e+002  3.3000000e+000  2.7000000e+000  1.3060000e+001  1.1950000e+001
  6.5450000e+002  3.3000000e+000  2.7000000e+000  1.3030000e+001  1.1880000e+001
  6.6450000e+002  3.3000000e+000  2.7000000e+000  1.3060000e+001  1.1870000e+001
  6.7450000e+002  3.3000000e+000  2.7000000e+000  1.3070000e+001  1.1840000e+001
  6.8450000e+002  2.8200000e+000  3.1800000e+000  1.3020000e+001  1.1900000e+001
  6.9450000e+002  2.7000000e+000  3.3000000e+000  1.2730000e+001  1.2170000e+001
  7.0450000e+002  2.7000000e+000  3.3000000e+000  1.2500000e+001  1.2430000e+001
  7.1450000e+002  2.7000000e+000  3.3000000e+000  1.2320000e+001  1.2700000e+001
  7.2450000e+002  2.7000000e+000  3.3000000e+000  1.2200000e+001  1.2870000e+001
  7.3450000e+002  2.7000000e+000  3.3000000e+000  1.2150000e+001  1.2990000e+001
  7.4450000e+002  3.1800000e+000  2.8200000e+000  1.2190000e+001  1.3060000e+001
  7.5450000e+002  3.3000000e+000  2.7000000e+000  1.2450000e+001  1.2870000e+001
  7.6450000e+002  3.3000000e+000  2.7000000e+000  1.2700000e+001  1.2630000e+001
  7.7450000e+002  3.3000000e+000  2.7000000e+000  1.2850000e+001  1.2450000e+001
  7.8450000e+002  3.3000000e+000  2.7000000e+000  1.2930000e+001  1.2330000e+001
  7.9450000e+002  3.3000000e+000  2.7000000e+000  1.3000000e+001  1.2230000e+001
  8.0450000e+002  3.3000000e+000  2.7000000e+000  1.3030000e+001  1.2130000e+001
  8.1450000e+002  3.3000000e+000  2.7000000e+000  1.3060000e+001  1.2090000e+001
  8.2450000e+002  3.3000000e+000  2.7000000e+000  1.3100000e+001  1.2060000e+001
  8.3450000e+002  3.3000000e+000  2.7000000e+000  1.3100000e+001  1.1980000e+001
  8.4450000e+002  3.3000000e+000  2.7000000e+000  1.3130000e+001  1.1980000e+001
  8.5450000e+002  3.3000000e+000  2.7000000e+000  1.3140000e+001  1.1940000e+001
  8.6450000e+002  3.3000000e+000  2.7000000e+000  1.3130000e+001  1.1890000e+001
  8.7450000e+002  3.3000000e+000  2.7000000e+000  1.3160000e+001  1.1890000e+001
  8.8450000e+002  3.3000000e+000  2.7000000e+000  1.3120000e+001  1.1850000e+001
  8.9450000e+002  3.3000000e+000  2.7000000e+000  1.3120000e+001  1.1850000e+001
  9.0450000e+002  3.3000000e+000  2.7000000e+000  1.3120000e+001  1.1840000e+001
  9.1450000e+002  3.3000000e+000  2.7000000e+000  1.3120000e+001  1.1850000e+001
  9.2450000e+002  3.3000000e+000  3.1800000e+000  1.3140000e+001  1.1880000e+001
  9.3450000e+002  3.3000000e+000  3.3000000e+000  1.3190000e+001  1.2180000e+001
  9.4450000e+002  3.3000000e+000  3.3000000e+000  1.3270000e+001  1.2600000e+001
  9.5450000e+002  3.3000000e+000  3.3000000e+000  1.3410000e+001  1.2910000e+001
  9.6450000e+002  3.3000000e+000  3.3000000e+000  1.3560000e+001  1.3170000e+001
  9.7450000e+002  3.3000000e+000  3.3000000e+000  1.3700000e+001  1.3380000e+001
  9.8450000e+002  2.8200000e+000  3.3000000e+000  1.3770000e+001  1.3660000e+001
  9.9450000e+002  2.7000000e+000  3.3000000e+000  1.3700000e+001  1.3840000e+001
  1.0050000e+003  2.7000000e+000  3.3000000e+000  1.3480000e+001  1.3910000e+001
  1.0150000e+003  2.7000000e+000  3.3000000e+000  1.3310000e+001  1.3960000e+001
  1.0250000e+003  2.7000000e+000  3.3000000e+000  1.3130000e+001  1.3990000e+001
  1.0350000e+003  2.7000000e+000  3.3000000e+000  1.2950000e+001  1.4000000e+001
  1.0450000e+003  3.1800000e+000  3.3000000e+000  1.2960000e+001  1.4010000e+001
  1.0550000e+003  3.3000000e+000  3.3000000e+000  1.3230000e+001  1.4040000e+001
  1.0650000e+003  3.3000000e+000  3.3000000e+000  1.3480000e+001  1.4100000e+001
  1.0750000e+003  3.3000000e+000  3.3000000e+000  1.3650000e+001  1.4170000e+001
  1.0850000e+003  3.3000000e+000  3.3000000e+000  1.3790000e+001  1.4220000e+001
  1.0950000e+003  3.3000000e+000  3.3000000e+000  1.3950000e+001  1.4310000e+001
  1.1050000e+003  2.8200000e+000  3.3000000e+000  1.4120000e+001  1.4420000e+001
  1.1150000e+003  2.7000000e+000  3.3000000e+000  1.4000000e+001  1.4470000e+001
  1.1250000e+003  2.7000000e+000  3.3000000e+000  1.3790000e+001  1.4530000e+001
  1.1350000e+003  2.7000000e+000  3.3000000e+000  1.3560000e+001  1.4550000e+001
  1.1450000e+003  2.7000000e+000  3.3000000e+000  1.3370000e+001  1.4520000e+001
  1.1550000e+003  2.7000000e+000  3.3000000e+000  1.3220000e+001  1.4520000e+001
  1.1650000e+003  2.7000000e+000  2.8200000e+000  1.3060000e+001  1.4460000e+001
  1.1750000e+003  2.7000000e+000  2.7000000e+000  1.2900000e+001  1.4020000e+001
  1.1850000e+003  2.7000000e+000  2.7000000e+000  1.2650000e+001  1.3590000e+001
  1.1950000e+003  2.7000000e+000  2.7000000e+000  1.2410000e+001  1.3130000e+001
  1.2050000e+003  2.7000000e+000  2.7000000e+000  1.2190000e+001  1.2810000e+001
  1.2150000e+003  2.7000000e+000  2.7000000e+000  1.1920000e+001  1.2500000e+001
  1.2250000e+003  2.7000000e+000  3.1800000e+000  1.1660000e+001  1.2250000e+001
  1.2350000e+003  2.7000000e+000  3.3000000e+000  1.1460000e+001  1.2310000e+001
  1.2450000e+003  2.7000000e+000  3.3000000e+000  1.1370000e+001  1.2460000e+001
  1.2550000e+003  2.7000000e+000  3.3000000e+000  1.1320000e+001  1.2590000e+001
  1.2650000e+003  2.7000000e+000  3.3000000e+000  1.1350000e+001  1.2710000e+001
  1.2750000e+003  2.7000000e+000  3.3000000e+000  1.1360000e+001  1.2770000e+001
  1.2850000e+003  2.7000000e+000  3.3000000e+000  1.1400000e+001  1.2900000e+001
  1.2950000e+003  2.7000000e+000  3.3000000e+000  1.1450000e+001  1.2960000e+001
  1.3050000e+003  2.7000000e+000  3.3000000e+000  1.1460000e+001  1.3060000e+001
  1.3150000e+003  2.7000000e+000  3.3000000e+000  1.1520000e+001  1.3080000e+001
  1.3250000e+003  2.7000000e+000  3.3000000e+000  1.1520000e+001  1.3130000e+001
  1.3350000e+003  2.7000000e+000  3.3000000e+000  1.1570000e+001  1.3160000e+001
  1.3450000e+003  3.1800000e+000  2.8200000e+000  1.1730000e+001  1.3190000e+001
  1.3550000e+003  3.3000000e+000  2.7000000e+000  1.2050000e+001  1.2960000e+001
  1.3650000e+003  3.3000000e+000  2.7000000e+000  1.2330000e+001  1.2740000e+001
  1.3750000e+003  3.3000000e+000  2.7000000e+000  1.2540000e+001  1.2500000e+001
  1.3850000e+003  3.3000000e+000  2.7000000e+000  1.2670000e+001  1.2350000e+001
  1.3950000e+003  3.3000000e+000  2.7000000e+000  1.2830000e+001  1.2240000e+001
  1.4050000e+003  2.8200000e+000  3.1800000e+000  1.2820000e+001  1.2200000e+001
  1.4150000e+003  2.7000000e+000  3.3000000e+000  1.2560000e+001  1.2430000e+001
  1.4250000e+003  2.7000000e+000  3.3000000e+000  1.2330000e+001  1.2650000e+001
  1.4350000e+003  2.7000000e+000  3.3000000e+000  1.2180000e+001  1.2820000e+001
  1.4450000e+003  2.7000000e+000  3.3000000e+000  1.2080000e+001  1.2960000e+001
  1.4550000e+003  2.7000000e+000  3.3000000e+000  1.2010000e+001  1.3090000e+001
  1.4650000e+003  3.1800000e+000  2.8200000e+000  1.2040000e+001  1.3100000e+001
  1.4750000e+003  3.3000000e+000  2.7000000e+000  1.2340000e+001  1.2940000e+001
  1.4850000e+003  3.3000000e+000  2.7000000e+000  1.2550000e+001  1.2670000e+001
  1.4950000e+003  3.3000000e+000  2.7000000e+000  1.2730000e+001  1.2500000e+001
  1.5050000e+003  3.3000000e+000  2.7000000e+000  1.2840000e+001  1.2350000e+001
  1.5150000e+003  3.3000000e+000  2.7000000e+000  1.2920000e+001  1.2260000e+001
  1.5250000e+003  3.3000000e+000  2.7000000e+000  1.2970000e+001  1.2120000e+001
  1.5350000e+003  3.3000000e+000  2.7000000e+000  1.3050000e+001  1.2100000e+001
  1.5450000e+003  3.3000000e+000  2.7000000e+000  1.3060000e+001  1.2080000e+001
  1.5550000e+003  3.3000000e+000  2.7000000e+000  1.3070000e+001  1.2020000e+001
  1.5650000e+003  3.3000000e+000  2.7000000e+000  1.3070000e+001  1.1930000e+001
  1.5750000e+003  3.3000000e+000  2.7000000e+000  1.3080000e+001  1.1940000e+001
  1.5850000e+003  3.3000000e+000  3.1800000e+000  1.3130000e+001  1.1940000e+001
  1.5950000e+003  3.3000000e+000  3.3000000e+000  1.3160000e+001  1.2270000e+001
  1.6050000e+003  3.3000000e+000  3.3000000e+000  1.3260000e+001  1.2640000e+001
  1.6150000e+003  3.3000000e+000  3.3000000e+000  1.3380000e+001  1.2960000e+001
  1.6250000e+003  3.3000000e+000  3.3000000e+000  1.3570000e+001  1.3170000e+001
  1.6350000e+003  3.3000000e+000  3.3000000e+000  1.3710000e+001  1.3350000e+001
  1.6450000e+003  2.8200000e+000  3.3000000e+000  1.3800000e+001  1.3680000e+001
  1.6550000e+003  2.7000000e+000  3.3000000e+000  1.3670000e+001  1.3860000e+001
  1.6650000e+003  2.7000000e+000  3.3000000e+000  1.3470000e+001  1.3950000e+001
  1.6750000e+003  2.7000000e+000  3.3000000e+000  1.3230000e+001  1.3980000e+001
  1.6850000e+003  2.7000000e+000  3.3000000e+000  1.3080000e+001  1.3960000e+001
  1.6950000e+003  2.7000000e+000  3.3000000e+000  1.2930000e+001  1.4060000e+001
  1.7050000e+003  2.7000000e+000  2.8200000e+000  1.2820000e+001  1.3990000e+001
  1.7150000e+003  2.7000000e+000  2.7000000e+000  1.2620000e+001  1.3710000e+001
  1.7250000e+003  2.7000000e+000  2.7000000e+000  1.2410000e+001  1.3330000e+001
  1.7350000e+003  2.7000000e+000  2.7000000e+000  1.2220000e+001  1.2980000e+001
  1.7450000e+003  2.7000000e+000  2.7000000e+000  1.1940000e+001  1.2620000e+001
  1.7550000e+003  2.7000000e+000  2.7000000e+000  1.1740000e+001  1.2300000e+001
  1.7650000e+003  3.1800000e+000  2.7000000e+000  1.1590000e+001  1.2070000e+001
  1.7750000e+003  3.3000000e+000  2.7000000e+000  1.1760000e+001  1.1840000e+001
  1.7850000e+003  3.3000000e+000  2.7000000e+000  1.1930000e+001  1.1720000e+001
  1.7950000e+003  3.3000000e+000  2.7000000e+000  1.2070000e+001  1.1620000e+001
  1.8050000e+003  3.3000000e+000  2.7000000e+000  1.2240000e+001  1.1550000e+001
  1.8150000e+003  3.3000000e+000  2.7000000e+000  1.2350000e+001  1.1530000e+001
  1.8250000e+003  2.8200000e+000  2.7000000e+000  1.2360000e+001  1.1470000e+001
  1.8350000e+003  2.7000000e+000  2.7000000e+000  1.2130000e+001  1.1470000e+001
  1.8450000e+003  2.7000000e+000  2.7000000e+000  1.1780000e+001  1.1360000e+001
  1.8550000e+003  2.7000000e+000  2.7000000e+000  1.1560000e+001  1.1300000e+001
  1.8650000e+003  2.7000000e+000  2.7000000e+000  1.1280000e+001  1.1200000e+001
  1.8750000e+003  2.7000000e+000  2.7000000e+000  1.1070000e+001  1.1070000e+001
  1.8850000e+003  3.1800000e+000  3.1800000e+000  1.0960000e+001  1.0980000e+001
  1.8950000e+003  3.3000000e+000  3.3000000e+000  1.1280000e+001  1.1230000e+001
  1.9050000e+003  3.3000000e+000  3.3000000e+000  1.1620000e+001  1.1590000e+001
  1.9150000e+003  3.3000000e+000  3.3000000e+000  1.1960000e+001  1.1990000e+001
  1.9250000e+003  3.3000000e+000  3.3000000e+000  1.2310000e+001  1.2310000e+001
  1.9350000e+003  3.3000000e+000  3.3000000e+000  1.2660000e+001  1.2720000e+001
  1.9450000e+003  3.3000000e+000  3.3000000e+000  1.2990000e+001  1.2950000e+001
  1.9550000e+003  3.3000000e+000  3.3000000e+000  1.3270000e+001  1.3180000e+001
  1.9650000e+003  3.3000000e+000  3.3000000e+000  1.3540000e+001  1.3320000e+001
  1.9750000e+003  3.3000000e+000  3.3000000e+000  1.3700000e+001  1.3610000e+001
  1.9850000e+003  3.3000000e+000  3.3000000e+000  1.3860000e+001  1.3880000e+001
  1.9950000e+003  3.3000000e+000  3.3000000e+000  1.4010000e+001  1.4020000e+001
  2.0050000e+003  2.8200000e+000  3.3000000e+000  1.4160000e+001  1.4160000e+001
  2.0150000e+003  2.7000000e+000  3.3000000e+000  1.4020000e+001  1.4240000e+001
  2.0250000e+003  2.7000000e+000  3.3000000e+000  1.3860000e+001  1.4270000e+001
  2.0350000e+003  2.7000000e+000  3.3000000e+000  1.3630000e+001  1.4320000e+001
  2.0450000e+003  2.7000000e+000  3.3000000e+000  1.3430000e+001  1.4330000e+001
  2.0550000e+003  2.7000000e+000  3.3000000e+000  1.3230000e+001  1.4350000e+001
  2.0650000e+003  2.7000000e+000  3.3000000e+000  1.3090000e+001  1.4340000e+001
  2.0750000e+003  2.7000000e+000  3.3000000e+000  1.2960000e+001  1.4310000e+001
  2.0850000e+003  2.7000000e+000  3.3000000e+000  1.2830000e+001  1.4300000e+001
  2.0950000e+003  2.7000000e+000  3.3000000e+000  1.2730000e+001  1.4260000e+001
  2.1050000e+003  2.7000000e+000  3.3000000e+000  1.2640000e+001  1.4280000e+001
  2.1150000e+003  2.7000000e+000  3.3000000e+000  1.2550000e+001  1.4230000e+001
  2.1250000e+003  2.7000000e+000  3.3000000e+000  1.2460000e+001  1.4180000e+001
  2.1350000e+003  2.7000000e+000  3.3000000e+000  1.2390000e+001  1.4130000e+001
  2.1450000e+003  2.7000000e+000  3.3000000e+000  1.2320000e+001  1.4080000e+001
  2.1550000e+003  2.7000000e+000  3.3000000e+000  1.2320000e+001  1.4030000e+001
  2.1650000e+003  2.7000000e+000  3.3000000e+000  1.2240000e+001  1.4000000e+001
  2.1750000e+003  2.7000000e+000  3.3000000e+000  1.2210000e+001  1.3950000e+001
  2.1850000e+003  3.1800000e+000  3.3000000e+000  1.2300000e+001  1.3950000e+001
  2.1950000e+003  3.3000000e+000  3.3000000e+000  1.2630000e+001  1.3980000e+001
  2.2050000e+003  3.3000000e+000  3.3000000e+000  1.3040000e+001  1.3950000e+001
  2.2150000e+003  3.3000000e+000  3.3000000e+000  1.3320000e+001  1.3960000e+001
  2.2250000e+003  3.3000000e+000  3.3000000e+000  1.3590000e+001  1.4050000e+001
  2.2350000e+003  3.3000000e+000  3.3000000e+000  1.3740000e+001  1.4110000e+001
  2.2450000e+003  2.8200000e+000  3.3000000e+000  1.3840000e+001  1.4220000e+001
  2.2550000e+003  2.7000000e+000  3.3000000e+000  1.3760000e+001  1.4280000e+001
  2.2650000e+003  2.7000000e+000  3.3000000e+000  1.3540000e+001  1.4300000e+001
  2.2750000e+003  2.7000000e+000  3.3000000e+000  1.3360000e+001  1.4310000e+001
  2.2850000e+003  2.7000000e+000  3.3000000e+000  1.3190000e+001  1.4250000e+001
  2.2950000e+003  2.7000000e+000  3.3000000e+000  1.3030000e+001  1.4270000e+001
  2.3050000e+003  2.7000000e+000  3.3000000e+000  1.2880000e+001  1.4300000e+001
  2.3150000e+003  2.7000000e+000  3.3000000e+000  1.2790000e+001  1.4270000e+001
  2.3250000e+003  2.7000000e+000  3.3000000e+000  1.2690000e+001  1.4230000e+001
  2.3350000e+003  2.7000000e+000  3.3000000e+000  1.2590000e+001  1.4260000e+001
  2.3450000e+003  2.7000000e+000  3.3000000e+000  1.2520000e+001  1.4220000e+001
  2.3550000e+003  2.7000000e+000  3.3000000e+000  1.2430000e+001  1.4170000e+001
  2.3650000e+003  2.7000000e+000  2.8200000e+000  1.2370000e+001  1.4070000e+001
  2.3750000e+003  2.7000000e+000  2.7000000e+000  1.2270000e+001  1.3630000e+001
  2.3850000e+003  2.7000000e+000  2.7000000e+000  1.2100000e+001  1.3170000e+001
  2.3950000e+003  2.7000000e+000  2.7000000e+000  1.1890000e+001  1.2820000e+001
  2.4050000e+003  2.7000000e+000  2.7000000e+000  1.1690000e+001  1.2490000e+001
  2.4150000e+003  2.7000000e+000  2.7000000e+000  1.1490000e+001  1.2180000e+001
  2.4250000e+003  3.1800000e+000  3.1800000e+000  1.1400000e+001  1.2000000e+001
  2.4350000e+003  3.3000000e+000  3.3000000e+000  1.1620000e+001  1.2120000e+001
  2.4450000e+003  3.3000000e+000  3.3000000e+000  1.1930000e+001  1.2350000e+001
  2.4550000e+003  3.3000000e+000  3.3000000e+000  1.2230000e+001  1.2620000e+001
  2.4650000e+003  3.3000000e+000  3.3000000e+000  1.2570000e+001  1.2860000e+001
  2.4750000e+003  3.3000000e+000  3.3000000e+000  1.2830000e+001  1.3110000e+001
  2.4850000e+003  2.8200000e+000  2.8200000e+000  1.3020000e+001  1.3200000e+001
  2.4950000e+003  2.7000000e+000  2.7000000e+000  1.2860000e+001  1.3110000e+001
  2.5050000e+003  2.7000000e+000  2.7000000e+000  1.2600000e+001  1.2860000e+001
  2.5150000e+003  2.7000000e+000  2.7000000e+000  1.2310000e+001  1.2580000e+001
  2.5250000e+003  2.7000000e+000  2.7000000e+000  1.2030000e+001  1.2330000e+001
  2.5350000e+003  2.7000000e+000  2.7000000e+000  1.1820000e+001  1.2140000e+001
  2.5450000e+003  2.7000000e+000  3.1800000e+000  1.1590000e+001  1.1960000e+001
  2.5550000e+003  2.7000000e+000  3.3000000e+000  1.1400000e+001  1.2050000e+001
  2.5650000e+003  2.7000000e+000  3.3000000e+000  1.1300000e+001  1.2260000e+001
  2.5750000e+003  2.7000000e+000  3.3000000e+000  1.1300000e+001  1.2420000e+001
  2.5850000e+003  2.7000000e+000  3.3000000e+000  1.1290000e+001  1.2570000e+001
  2.5950000e+003  2.7000000e+000  3.3000000e+000  1.1310000e+001  1.2660000e+001
  2.6050000e+003  2.7000000e+000  2.8200000e+000  1.1320000e+001  1.2750000e+001
  2.6150000e+003  2.7000000e+000  2.7000000e+000  1.1360000e+001  1.2480000e+001
  2.6250000e+003  2.7000000e+000  2.7000000e+000  1.1270000e+001  1.2160000e+001
  2.6350000e+003  2.7000000e+000  2.7000000e+000  1.1160000e+001  1.1940000e+001
  2.6450000e+003  2.7000000e+000  2.7000000e+000  1.1080000e+001  1.1710000e+001
  2.6550000e+003  2.7000000e+000  2.7000000e+000  1.0910000e+001  1.1500000e+001
  2.6650000e+003  3.1800000e+000  3.1800000e+000  1.0880000e+001  1.1370000e+001
  2.6750000e+003  3.3000000e+000  3.3000000e+000  1.1220000e+001  1.1550000e+001
  2.6850000e+003  3.3000000e+000  3.3000000e+000  1.1600000e+001  1.1880000e+001
  2.6950000e+003  3.3000000e+000  3.3000000e+000  1.1920000e+001  1.2180000e+001
  2.7050000e+003  3.3000000e+000  3.3000000e+000  1.2290000e+001  1.2540000e+001
  2.7150000e+003  3.3000000e+000  3.3000000e+000  1.2640000e+001  1.2790000e+001
  2.7250000e+003  2.8200000e+000  3.3000000e+000  1.2850000e+001  1.3050000e+001
  2.7350000e+003  2.7000000e+000  3.3000000e+000  1.2760000e+001  1.3190000e+001
  2.7450000e+003  2.7000000e+000  3.3000000e+000  1.2670000e+001  1.3270000e+001
  2.7550000e+003  2.7000000e+000  3.3000000e+000  1.2580000e+001  1.3410000e+001
  2.7650000e+003  2.7000000e+000  3.3000000e+000  1.2470000e+001  1.3480000e+001
  2.7750000e+003  2.7000000e+000  3.3000000e+000  1.2390000e+001  1.3540000e+001
  2.7850000e+003  3.1800000e+000  2.8200000e+000  1.2410000e+001  1.3570000e+001
  2.7950000e+003  3.3000000e+000  2.7000000e+000  1.2730000e+001  1.3410000e+001
  2.8050000e+003  3.3000000e+000  2.7000000e+000  1.3000000e+001  1.3090000e+001
  2.8150000e+003  3.3000000e+000  2.7000000e+000  1.3160000e+001  1.2840000e+001
  2.8250000e+003  3.3000000e+000  2.7000000e+000  1.3260000e+001  1.2660000e+001
  2.8350000e+003  3.3000000e+000  2.7000000e+000  1.3290000e+001  1.2510000e+001
  2.8450000e+003  2.8200000e+000  3.1800000e+000  1.3280000e+001  1.2470000e+001
  2.8550000e+003  2.7000000e+000  3.3000000e+000  1.2970000e+001  1.2700000e+001
  2.8650000e+003  2.7000000e+000  3.3000000e+000  1.2680000e+001  1.2870000e+001
  2.8750000e+003  2.7000000e+000  3.3000000e+000  1.2500000e+001  1.3010000e+001
  2.8850000e+003  2.7000000e+000  3.3000000e+000  1.2380000e+001  1.3140000e+001
  2.8950000e+003  2.7000000e+000  3.3000000e+000  1.2300000e+001  1.3240000e+001
  2.9050000e+003  2.7000000e+000  2.8200000e+000  1.2200000e+001  1.3220000e+001
  2.9150000e+003  2.7000000e+000  2.7000000e+000  1.2100000e+001  1.3020000e+001
  2.9250000e+003  2.7000000e+000  2.7000000e+000  1.1930000e+001  1.2690000e+001
  2.9350000e+003  2.7000000e+000  2.7000000e+000  1.1720000e+001  1.2400000e+001
  2.9450000e+003  2.7000000e+000  2.7000000e+000  1.1560000e+001  1.2120000e+001
  2.9550000e+003  2.7000000e+000  2.7000000e+000  1.1360000e+001  1.1900000e+001
  2.9650000e+003  3.1800000e+000  2.7000000e+000  1.1260000e+001  1.1650000e+001
  2.9750000e+003  3.3000000e+000  2.7000000e+000  1.1480000e+001  1.1510000e+001
  2.9850000e+003  3.3000000e+000  2.7000000e+000  1.1660000e+001  1.1350000e+001
  2.9950000e+003  3.3000000e+000  2.7000000e+000  1.1840000e+001  1.1310000e+001
  3.0050000e+003  3.3000000e+000  2.7000000e+000  1.2020000e+001  1.1280000e+001
  3.0150000e+003  3.3000000e+000  2.7000000e+000  1.2160000e+001  1.1260000e+001
  3.0250000e+003  3.3000000e+000  3.1800000e+000  1.2280000e+001  1.1330000e+001
  3.0350000e+003  3.3000000e+000  3.3000000e+000  1.2440000e+001  1.1650000e+001
  3.0450000e+003  3.3000000e+000  3.3000000e+000  1.2660000e+001  1.2090000e+001
  3.0550000e+003  3.3000000e+000  3.3000000e+000  1.2880000e+001  1.2450000e+001
  3.0650000e+003  3.3000000e+000  3.3000000e+000  1.3110000e+001  1.2820000e+001
  3.0750000e+003  3.3000000e+000  3.3000000e+000  1.3280000e+001  1.3070000e+001
  3.0850000e+003  3.3000000e+000  2.8200000e+000  1.3460000e+001  1.3220000e+001
  3.0950000e+003  3.3000000e+000  2.7000000e+000  1.3640000e+001  1.3160000e+001
  3.1050000e+003  3.3000000e+000  2.7000000e+000  1.3710000e+001  1.3060000e+001
  3.1150000e+003  3.3000000e+000  2.7000000e+000  1.3750000e+001  1.2890000e+001
  3.1250000e+003  3.3000000e+000  2.7000000e+000  1.3740000e+001  1.2780000e+001
  3.1350000e+003  3.3000000e+000  2.7000000e+000  1.3790000e+001  1.2670000e+001
  3.1450000e+003  3.3000000e+000  2.7000000e+000  1.3740000e+001  1.2540000e+001
  3.1550000e+003  3.3000000e+000  2.7000000e+000  1.3780000e+001  1.2460000e+001
  3.1650000e+003  3.3000000e+000  2.7000000e+000  1.3710000e+001  1.2360000e+001
  3.1750000e+003  3.3000000e+000  2.7000000e+000  1.3670000e+001  1.2320000e+001
  3.1850000e+003  3.3000000e+000  2.7000000e+000  1.3620000e+001  1.2250000e+001
  3.1950000e+003  3.3000000e+000  2.7000000e+000  1.3580000e+001  1.2220000e+001
  3.2050000e+003  2.8200000e+000  2.7000000e+000  1.3460000e+001  1.2160000e+001
  3.2150000e+003  2.7000000e+000  2.7000000e+000  1.2960000e+001  1.2080000e+001
  3.2250000e+003  2.7000000e+000  2.7000000e+000  1.2520000e+001  1.1970000e+001
  3.2350000e+003  2.7000000e+000  2.7000000e+000  1.2190000e+001  1.1860000e+001
  3.2450000e+003  2.7000000e+000  2.7000000e+000  1.1840000e+001  1.1720000e+001
  3.2550000e+003  2.7000000e+000  2.7000000e+000  1.1550000e+001  1.1580000e+001
  3.2650000e+003  3.1800000e+000  2.7000000e+000  1.1400000e+001  1.1420000e+001
  3.2750000e+003  3.3000000e+000  2.7000000e+000  1.1540000e+001  1.1270000e+001
  3.2850000e+003  3.3000000e+000  2.7000000e+000  1.1730000e+001  1.1210000e+001
  3.2950000e+003  3.3000000e+000  2.7000000e+000  1.1900000e+001  1.1160000e+001
  3.3050000e+003  3.3000000e+000  2.7000000e+000  1.2030000e+001  1.1200000e+001
  3.3150000e+003  3.3000000e+000  2.7000000e+000  1.2140000e+001  1.1170000e+001
  3.3250000e+003  2.8200000e+000  2.7000000e+000  1.2160000e+001  1.1160000e+001
  3.3350000e+003  2.7000000e+000  2.7000000e+000  1.1870000e+001  1.1170000e+001
  3.3450000e+003  2.7000000e+000  2.7000000e+000  1.1610000e+001  1.1140000e+001
  3.3550000e+003  2.7000000e+000  2.7000000e+000  1.1340000e+001  1.1090000e+001
  3.3650000e+003  2.7000000e+000  2.7000000e+000  1.1110000e+001  1.1010000e+001
  3.3750000e+003  2.7000000e+000  2.7000000e+000  1.0920000e+001  1.0910000e+001
  3.3850000e+003  2.7000000e+000  2.7000000e+000  1.0700000e+001  1.0800000e+001
  3.3950000e+003  2.7000000e+000  2.7000000e+000  1.0510000e+001  1.0720000e+001
  3.4050000e+003  2.7000000e+000  2.7000000e+000  1.0330000e+001  1.0570000e+001
  3.4150000e+003  2.7000000e+000  2.7000000e+000  1.0210000e+001  1.0530000e+001
  3.4250000e+003  2.7000000e+000  2.7000000e+000  1.0110000e+001  1.0400000e+001
  3.4350000e+003  2.7000000e+000  2.7000000e+000  9.9800000e+000  1.0360000e+001
  3.4450000e+003  3.1800000e+000  3.1800000e+000  9.9690000e+000  1.0270000e+001
  3.4550000e+003  3.3000000e+000  3.3000000e+000  1.0360000e+001  1.0550000e+001
  3.4650000e+003  3.3000000e+000  3.3000000e+000  1.0820000e+001  1.0980000e+001
  3.4750000e+003  3.3000000e+000  3.3000000e+000  1.1270000e+001  1.1400000e+001
  3.4850000e+003  3.3000000e+000  3.3000000e+000  1.1670000e+001  1.1850000e+001
  3.4950000e+003  3.3000000e+000  3.3000000e+000  1.2080000e+001  1.2230000e+001
  3.5050000e+003  3.3000000e+000  2.8200000e+000  1.2460000e+001  1.2500000e+001
  3.5150000e+003  3.3000000e+000  2.7000000e+000  1.2760000e+001  1.2480000e+001
  3.5250000e+003  3.3000000e+000  2.7000000e+000  1.2910000e+001  1.2320000e+001
  3.5350000e+003  3.3000000e+000  2.7000000e+000  1.3070000e+001  1.2240000e+001
  3.5450000e+003  3.3000000e+000  2.7000000e+000  1.3170000e+001  1.2170000e+001
  3.5550000e+003  3.3000000e+000  2.7000000e+000  1.3240000e+001  1.2140000e+001
  3.5650000e+003  2.8200000e+000  3.1800000e+000  1.3160000e+001  1.2090000e+001
  3.5750000e+003  2.7000000e+000  3.3000000e+000  1.2870000e+001  1.2370000e+001
  3.5850000e+003  2.7000000e+000  3.3000000e+000  1.2620000e+001  1.2640000e+001
  3.6000000e+003  2.7000000e+000  3.3000000e+000  1.2620000e+001  1.2640000e+001
